Date_Time_MDT,LEann_mean,LEann_prctile50,LEann_prctile25,LEann_prctile75,LEann_CumSum_mean,LEann_CumSum_prctile50,LEann_prctile25singlemodel,LEann_CumSum_prctile25,LEann_prctile75singlemodel,LEann_CumSum_prctile75
25-Sep-2016,0.0198531612893089,0.0191876019958661,0.0159425920800858,0.0234483597138591,1.13131440718793,1.09973276943867,0.0233946626118285,1.37512662977483,0.0167243441704295,0.944338517203258
02-Oct-2016,0.00879324008257905,0.00864208298432306,0.00503253271715026,0.0123846713783934,4.25032285706325,4.25224231817096,0.00681929051568619,4.37081655953212,0.0106562957576234,4.04522898241619
09-Oct-2016,0.00577019075338927,0.0057789378814016,0.00329978862049522,0.00819829621830995,6.12347767205342,6.08895826948714,0.00494488914290048,5.66464122116316,0.00713233646141709,6.66954788993397
16-Oct-2016,0.00551954304189477,0.00501580595063041,0.000757480949071195,0.00948005381042082,8.42739143153039,8.43910211596973,0.00324956965063019,7.379122157935,0.00771289671951147,9.49921645213503
23-Oct-2016,0.00593726309703189,0.00589311206987894,0.00220026658358648,0.00947357357926683,10.1574192058986,9.91521419223798,0.00404834410569305,8.56480343344538,0.00695022203221569,11.8414859869064
30-Oct-2016,0.004436711651885,0.00428318106100435,0.000855361706932552,0.00802591909702333,12.0905448596242,11.8928691945029,0.00288856025959846,9.95902931110772,0.00680683968764329,14.2308096421934
06-Nov-2016,0.0020670702102288,0.00192326780844256,-0.000869408811873585,0.00506538421102232,12.9401492364587,12.6987992361682,0.00048542382340184,10.2247211328749,0.00367820304157005,15.7959031233846
13-Nov-2016,0.00254012196360884,0.0023891104274256,-0.00169326730189386,0.00659946770020415,13.6975561136737,13.5478853760211,0.000317167865289437,10.4066741792466,0.0063191270881783,17.3157399999049
20-Nov-2016,0.00298017859259786,0.00285964964143867,-0.0024608491952579,0.0079208087938581,14.6735406399802,14.297577756724,0.00198816111558708,10.7973088395481,0.00681462131066833,19.7226059061765
27-Nov-2016,0.00451177287590764,0.00405731269656048,-0.00116878589322274,0.00945293322293878,16.2794155528856,15.9839781103228,-0.000478045436950514,11.3589511660202,0.0106942228906865,23.0798620304031
04-Dec-2016,0.000536725997392227,0.000537555071172591,-0.00599926049557733,0.00640369247723151,16.8174261858421,16.5997946763486,-0.00268035702531991,10.4018166594718,0.00590966511053364,25.6559497220532
11-Dec-2016,0.00170813679680301,0.000825557072812232,-0.00894097367342755,0.009752327640835,16.9854554787251,17.2462585177137,-0.000972889635910896,10.0459065397687,0.00219764318110609,26.5912538917202
18-Dec-2016,0.000485917908119809,-8.72046723226158e-05,-0.00889027708169984,0.00748651558691373,17.2723920649748,17.374508764442,-0.00229775772289357,8.94384222203959,0.00222536853582179,27.7714699715522
25-Dec-2016,0.000292153936703926,-1.12731195991912e-05,-0.00809452789477507,0.00725893272078049,17.8295768115605,17.7937929494792,0.00010527542696992,8.96608636180087,0.0021591662894448,29.0114481898535
01-Jan-2017,-0.00109063438571033,-0.0013116013501065,-0.0128897934866819,0.00799149054232198,17.5186945781861,19.0263239958237,-0.00193225733348739,8.72895121753616,-0.00233162958216105,27.5599956712152
08-Jan-2017,0.00427911714261569,0.00356955283989615,-0.00511974055496937,0.0116913546720432,18.1096647183773,19.2868000600509,0.00369058161871701,8.92880252336866,0.0071969297265554,29.0100349338623
15-Jan-2017,0.00289670034688168,0.000483832425197285,-0.0112445650083157,0.0125143373416643,18.9826394610871,20.1652238749875,0.00119769389179734,9.75779654237097,-0.0018782341272806,30.2311576941271
22-Jan-2017,0.00365627153595211,0.00222457021617912,-0.00714458177102705,0.0118740050194095,20.5813174263128,23.964135998475,0.00272656018294485,10.4313406845107,0.00617577311510283,30.5194925782481
29-Jan-2017,-0.000143512707480993,-4.53159334834375e-05,-0.00894044208150877,0.00785995711136227,20.8325698720167,25.2293550169367,0.000683791272294949,10.9505091697088,-0.000865286463756725,31.5252575778518
05-Feb-2017,0.00606587320236209,0.00583371807665543,-0.00186256827988148,0.0130310420243139,21.9054801873963,27.4575064761161,0.00422404999644453,11.8389486789295,0.0082955431769441,32.6241233605192
12-Feb-2017,0.00335743321633112,0.0029911831094268,-0.00565835122754006,0.0108947146727093,23.5620715043184,29.5616319599743,0.00217679940135395,12.9869727158562,0.00417468139053611,35.3009397814045
19-Feb-2017,0.0116116419169494,0.0112044941827811,0.00441198664441025,0.0179895286670367,26.2976780147938,32.8426773658265,0.0102756489812994,15.4048047265978,0.0184047286452883,38.782134268394
26-Feb-2017,0.0099303759439907,0.00956919675424148,0.00328652411374574,0.0158136260374912,29.4830240450734,36.1087632578536,0.0091523567046126,18.1491894081525,0.0144212352269858,44.1415740381475
05-Mar-2017,0.0101822485774435,0.00973040037857851,0.00483984770877101,0.0149785076813669,33.3480389397749,39.1212892251697,0.00900923930916731,21.5248516490446,0.0142662479043898,49.4896248166476
12-Mar-2017,0.0070812954254375,0.00721482119990322,0.00456798352445066,0.00979384048169189,35.8617296860753,40.9402506493144,0.00672486284851409,23.9208868409159,0.00907273288994024,52.9202200923701
19-Mar-2017,0.0103028978630527,0.0103821613864355,0.00640734746058984,0.0142493848722271,38.510828894915,43.3354358372465,0.0100145075841473,26.4440377882277,0.0130546619415956,56.2669298716413
26-Mar-2017,0.0188852597008233,0.0173945396445119,0.0100044575929039,0.0257666227516661,43.2286053134498,49.1487618007894,0.0156208218423573,30.6611913519748,0.0207107132019311,61.9035845969165
02-Apr-2017,0.0154325950311752,0.0152943882566439,0.0098992654627066,0.0203977191432542,49.2792423537888,55.2170690066631,0.0168698870608699,36.3305093334829,0.0179777939566838,68.6692983680495
09-Apr-2017,0.0185113191381413,0.0182646761191677,0.0126747107372314,0.0238555453239756,54.847802889357,60.8898333847268,0.0206503854332337,42.438015197805,0.0208200564355651,75.0799570201864
16-Apr-2017,0.0167671615081284,0.0166097069113829,0.0114123296789945,0.0218271680855788,60.7577729558447,66.9651170214889,0.0155341167044156,48.6876530964412,0.0182578837046789,81.5802091260276
23-Apr-2017,0.0228254249098836,0.0227857567071185,0.0160980699796214,0.0292703977257637,67.3484457542664,73.6549825452531,0.0207710792157659,54.9372802118279,0.0268455969879476,88.9348257460647
30-Apr-2017,0.0118938946079451,0.0119365980012774,0.00873485893149284,0.0149279878574521,74.0355604608876,79.8656358060533,0.0115391368981496,60.7512325360649,0.012649945097473,96.5545193214427
07-May-2017,0.00720241250814594,0.0071500483743427,0.00445446988810725,0.00990517261141973,77.1398770378047,82.9544207469429,0.0085751938964995,64.3733701457791,0.00848790982727541,99.8951268287014
14-May-2017,0.00335486263783968,0.00342061208762806,0.000212339897619868,0.00626890066595417,78.6003078790003,84.239358900425,0.0015346177218275,65.5352658455405,0.00575338085459023,102.134020557193
21-May-2017,0.00076613079844018,0.000852301217651332,-0.0012769271760464,0.00281959908220894,79.2916513278748,84.743394336405,0.00138263749438396,65.8811825987897,0.000874653559921036,103.217681843885
28-May-2017,-0.00102397982782909,-0.00106097973757535,-0.00331283254033844,0.00117385685016145,79.2213304424856,85.1993604849575,0.00180530075794856,66.516554597716,-0.00193561995720064,102.97421585695
04-Jun-2017,5.31831018771202e-06,5.44057116734721e-05,-0.00182123194141557,0.00180193149191299,78.9475271826803,85.6944186924907,0.00210868086526589,67.037505746366,-0.000424376678387431,102.487404847541
11-Jun-2017,0.0012926441793245,0.00147399015139089,-0.000619639556133502,0.00328661633863789,79.2269412826904,86.3053434025539,0.00250916286726885,67.8301165918233,0.00176141744978769,102.832780380134
18-Jun-2017,0.00129773166084135,0.00130262128200966,0.000335286917322545,0.00223175683453949,79.7716604582143,86.8893826136455,0.00193014457693943,68.731717445725,0.00115304626597547,103.389901900323
25-Jun-2017,0.000579128501448896,0.000577861812811066,-0.00018611706580874,0.00134893253089573,80.04811120975,87.2550994033422,0.00106484133537963,69.2044819777403,7.8683104423171e-05,103.557944887139
02-Jul-2017,0.00120574589092082,0.00120719139321626,0.00053000434936204,0.00189351399272957,80.2811884736517,87.6565472857944,0.00140713537303023,69.5584625751748,0.000949112833216143,103.630259122736
09-Jul-2017,0.0013161856128244,0.00131747067684677,0.000631397278961309,0.00198189448522297,80.7368712932082,88.2275015826887,0.00141180821546797,70.0516429888928,0.0011484596338648,104.043769214256
16-Jul-2017,0.00200639353306695,0.00201589587594031,0.00112783269951931,0.00289517425912811,81.2878112389811,88.7491738302393,0.00224727952813271,70.6503318593081,0.00168416170780149,104.511064913392
23-Jul-2017,0.00285957241547688,0.00283727347904136,0.00153140281105199,0.00409727689241581,82.1366854042973,89.5996699573377,0.00295864090770921,71.5900393525997,0.00260915118058548,105.230398121446
30-Jul-2017,0.00190089477972018,0.00191017053051869,0.00120148879380342,0.00260803108303634,82.9053160001543,90.377605274643,0.00181421065528551,72.3444392156512,0.00182211462856051,105.987995886396
06-Aug-2017,0.00346736325407569,0.00348075033960981,0.00228898003095249,0.00463638136445801,83.7576544663697,91.1162534152674,0.00340522027758695,73.1815094154974,0.0036051786564501,106.798435077131
13-Aug-2017,0.00270956015266408,0.00271180793540334,0.00176758359062638,0.0036267197824497,84.8971090123993,92.0537812078724,0.00263743915982155,74.3219749368091,0.00267220468088047,107.975785855204
20-Aug-2017,0.00244492281292865,0.00241560333422179,0.00161386862067033,0.00322202429277778,85.6944728822215,92.6595019500366,0.00215318953444368,75.041470230823,0.00243656119013952,108.752082125134
27-Aug-2017,0.00243108626967507,0.00240957545848755,0.00161013819809478,0.00322198275502181,86.5287343859345,93.3868364904033,0.00165405574418933,75.7008318109759,0.00274934099299123,109.655981816158
03-Sep-2017,0.00315694749741575,0.00312038332586808,0.00217047383937091,0.00408117589307584,87.3926791466464,94.0469187862251,0.00276998686448819,76.3733493211555,0.00335577456715846,110.598242783161
10-Sep-2017,0.00390029082205397,0.00386202459119345,0.00223199266101552,0.0055267956940142,88.6638721536298,95.0272030356141,0.00395004542009482,77.4974318228873,0.00455056199483222,111.980751307849
17-Sep-2017,0.00493740339713109,0.00485469135528247,0.000362951953279597,0.00877839801096827,89.8834336801492,96.3368596578905,0.00402827500782248,78.4223209106028,0.00617720037353603,113.517200867327
24-Sep-2017,0.0113716870229877,0.0113641329858557,0.0078017079097076,0.0149376650582479,92.9134807209593,99.3574837584621,0.00926816908646505,81.3990644401923,0.0139252535296704,117.270685667082
01-Oct-2017,0.0061886164337787,0.00622988553352525,0.00324391306060597,0.00920542244284422,95.9469746373227,102.233796199823,0.00544112065217158,83.8324595875889,0.0096632774380059,121.324146900199
08-Oct-2017,0.00494814028534339,0.00500981845657739,0.00162778589559456,0.00822122476535136,97.855919926883,103.656836184033,0.00195423557608827,84.9714565580815,0.00902529581200834,124.464545831473
15-Oct-2017,0.00237843888416271,0.00238905978519741,-0.000617305689666907,0.00542189473286877,98.7644387422078,104.111911900583,-0.0011135160772633,84.8057060981043,0.0060141443611634,126.548959116937
22-Oct-2017,0.00171371086261807,0.00192774468407913,-0.000668263059633961,0.00446657456571025,99.6437055643546,104.375703684796,-0.00120498496499021,84.5683388961394,0.0047754847562122,128.665433642683
29-Oct-2017,0.00584340169153685,0.00531330004161294,0.00202554666088006,0.00909731727816879,100.568837645623,104.425283632594,0.00259231322988642,84.5721551444864,0.0103992439132764,130.839331660286
05-Nov-2017,0.000572928705243298,0.000560454309292322,-0.00328991494839925,0.00411623891139591,102.012652494777,105.047243696641,-0.00412528720192504,84.6628641313221,0.00468091721131198,133.662866092453
12-Nov-2017,0.00452351719317473,0.00362661617922069,-0.00186928526263468,0.00930253294127276,102.628788068382,105.818167987643,6.76465969740745e-05,83.9327926974245,0.00854253612690874,135.63519204428
19-Nov-2017,0.00337331758765349,0.00285132614279106,-0.00172599005532923,0.00796506390465695,104.093917207399,107.564332247149,0.000912521108623062,84.0734488049812,0.00613505652572822,138.35790257673
26-Nov-2017,0.00297666646356666,0.00230435414750213,-0.0029454642589715,0.00788094531471532,105.333149936627,108.763815410696,0.000486078654040456,84.3494172068505,0.00518376123353984,140.392214582797
03-Dec-2017,0.000959300361006591,0.00163151937110881,-0.00394906210643058,0.00650359363914703,106.3443942946,109.557399781474,-0.00391671092431965,84.0084889221309,0.00616499291047955,142.626404379666
10-Dec-2017,0.00131884002351058,0.000982101569124264,-0.00546632272783408,0.0074931828499484,105.923088023968,107.37793066179,0.000282976720061084,82.9872164036801,0.0045452548192798,143.616606253808
17-Dec-2017,0.00259159726852667,0.00204256609023408,-0.00365144467376603,0.00803051655326125,106.823668997837,107.349943341375,-0.00041347559133564,83.1648663560667,0.0089599327797218,145.974353328667
24-Dec-2017,0.00155323874588197,0.00123248739042301,-0.00404227218686214,0.00712455090744158,107.505388736411,107.294410057927,0.00028754074489397,82.9078048956526,0.00422186105691491,148.338972520127
31-Dec-2017,0.000401634816565737,0.000268316203403645,-0.00493630853893505,0.0052894415529286,107.844964180766,107.036084966012,-0.00257396827340423,82.4463109049678,0.00353274948293053,149.807787624388
07-Jan-2018,0.00419346934646533,0.00296272874716026,-0.00496576665502473,0.0109404574383881,108.690026601278,106.875711134458,0.00131469055056804,82.3928821377356,0.00611356912480481,151.177941680592
14-Jan-2018,0.00362846433477207,0.00267023917141553,-0.00378954532016202,0.00979118204126792,109.769859105195,107.295578756221,0.0016059711316119,82.9142602757159,0.00673397041767902,153.222066154044
21-Jan-2018,0.0025588870187625,0.00196527765671525,-0.00297016946606869,0.00735457302239196,111.058865565364,109.49202653846,0.000940840958767976,83.4957416938415,0.00772471832296615,155.943403150319
28-Jan-2018,0.00451071582153222,0.00396714117065342,-0.000328033560575116,0.00883155733153173,112.03984832291,110.813827002572,0.00267105772814702,83.8418347450331,0.00928373422570315,158.596280402716
04-Feb-2018,0.00623563393098103,0.00591811546501597,0.00173618703622165,0.010109555975668,114.136297664803,113.909437761465,0.0025537505557908,85.1075836115675,0.011792484336514,162.409272648581
11-Feb-2018,0.00323753858444127,0.00243862291238169,-0.00219037125158812,0.00735720287063037,115.795949224928,114.964971884033,-0.0018786691190988,84.9869604080351,0.00935482205188492,166.095218295618
18-Feb-2018,0.00524213913324909,0.00356927332924622,-0.00400338571946978,0.0118705517971138,117.4862085103,115.303975981006,-0.00292940003367985,84.2157084259556,0.0130708206688467,169.943612842161
25-Feb-2018,0.00583001571330178,0.00471813236419502,-0.00357119317603637,0.0125945563528392,119.00360925682,116.391429192068,0.00377178146746482,84.2224216444981,0.0124561449923923,174.446523062115
04-Mar-2018,0.004654752722413,0.00440593723551618,-0.000190822569722726,0.00898025294675939,120.799904386045,117.366192822151,0.00265048371586944,85.3429445868927,0.0103869908746279,178.034925569646
11-Mar-2018,0.00655607102627654,0.00609803977636968,-2.09111089597648e-05,0.0119862151135694,122.480787583138,118.751303915166,0.00545018623206395,86.5493974849569,0.0104154747931885,181.185180431749
18-Mar-2018,0.00847869257341184,0.00802158114848549,0.00276742967375868,0.0134150032990373,124.85032140078,120.868880606878,0.00788871305133991,88.6610418205866,0.0138966522930397,185.22985112772
25-Mar-2018,0.00579584977420103,0.00572692725677267,0.00258417439399626,0.00893975489537493,127.467466735482,122.854747298478,0.0043842817712416,91.0656570142958,0.0105403672287517,189.646067343683
01-Apr-2018,0.00608974324073881,0.00575976780661321,0.000568869739538222,0.0107924552946735,129.460378314038,124.063876489308,0.00427728092490823,92.6351969238894,0.0082156289025103,192.836472835173
08-Apr-2018,0.012448623535475,0.0117536544553189,0.00695269328418185,0.0169428907570118,132.798470131759,127.103070171045,0.00994483052855552,95.3145998657803,0.0161719861340079,197.010288966977
15-Apr-2018,0.00695995811355913,0.00656016181515718,0.00214675369416397,0.0111935683563029,135.866599310465,130.10216849895,0.00237720005640824,97.0322826545954,0.0112387408605173,201.448732333853
22-Apr-2018,0.00520371680185708,0.00511351290455171,0.00337768320805,0.00687716337956661,137.881302410415,132.114643280372,0.0038763489253777,97.9849083006551,0.00621675693209167,204.326763067978
29-Apr-2018,0.0037622005944983,0.00363503613676505,0.00155256675854484,0.00602784112371815,139.37661466273,133.590631579051,0.00226334580164142,98.9989852372834,0.0061105441889554,206.441884990735
06-May-2018,0.00761429971721071,0.00713098462693119,0.00360404804065024,0.0107426104032231,141.106720640169,135.336889278943,0.0064911834083695,100.219366123581,0.00813131732117105,208.548129736763
13-May-2018,0.0224370294407373,0.021869231131758,0.0168408559100027,0.0276170604901995,145.724409771587,140.322951366263,0.0302343607262856,105.705167628931,0.019045842524478,212.780284543823
20-May-2018,0.0163618751690012,0.016140301197042,0.0135150335515631,0.0189143792883874,153.247534030127,148.879755960689,0.0194611836466288,115.615363010548,0.0159025589609618,219.506925073427
27-May-2018,0.0170647773591355,0.0167333419067863,0.0133496844211852,0.0201799542086355,158.416579506414,154.41218408577,0.0200414427491771,121.704285998436,0.0153780395189228,224.332092395705
03-Jun-2018,0.00459110343810052,0.0045291059273873,0.00362505593400264,0.00552281763834114,162.355670766255,158.327820111307,0.00502169452357623,126.152274436951,0.00473450345135856,228.055535272512
10-Jun-2018,0.00138994583826924,0.00137376463633686,0.000600526343314551,0.00216693149336191,163.126296360179,159.059742026401,0.00126912962015061,126.891212679966,0.00149970656363938,228.863028743127
17-Jun-2018,0.00159922445954919,0.0016087599304008,0.000653153648990209,0.00258455747181556,163.736451318841,159.624954345739,0.00137396239194434,127.430385654957,0.00196001243443756,229.639143382948
24-Jun-2018,0.000457276455089714,0.000491379463558799,-0.000181857842210026,0.00111615763716186,164.036667009611,159.885132731263,0.000859375014151952,127.779978551705,-5.41986419936695e-05,229.831186311951
01-Jul-2018,0.000923466565187063,0.000931811796284337,0.000269464267890782,0.00158069100377203,164.244942437946,160.060507372783,0.000880181594435733,128.062223863343,0.000732255170641934,229.921913556246
08-Jul-2018,0.00179650218007099,0.0018050811982419,0.000993290446058068,0.00260694918406533,164.702928460108,160.510304265947,0.00176741327647703,128.498172683001,0.00163658310321713,230.309167630662
15-Jul-2018,0.00582119786724202,0.00571899891113734,0.00451822237094556,0.00699444716537136,165.99111689497,161.997522507089,0.00523575001886224,129.69684908499,0.00530894111128093,231.454052746807
22-Jul-2018,0.00189581571212677,0.00188715823921872,0.00126082711625559,0.00252476496166624,167.307042554796,163.249544231257,0.00178424981239678,130.867134864507,0.00188190561713703,232.746868111777
29-Jul-2018,0.00209561000666137,0.00209086995461923,0.00132386758860708,0.00286955357296932,167.895034063045,163.826270180661,0.0019715570565952,131.437886885592,0.00179201678644934,233.27127803555
05-Aug-2018,0.00197254104494348,0.00197340246414275,0.00132973549159202,0.00263901093144496,168.617692083026,164.604900652166,0.00178606966807553,132.132122368753,0.00172736313173145,233.884687276129
12-Aug-2018,0.00176555100488995,0.00175331273051068,0.000942189581270818,0.00256490489402704,169.239338387615,165.24680864968,0.00130218401849475,132.65466655218,0.00188286914072223,234.449770498379
19-Aug-2018,0.00224073627021175,0.00224199359668444,0.00146070068090012,0.00301310272665839,169.922626484548,165.937453742063,0.0019933109712212,133.193219798661,0.00211869633925334,235.17477376026
26-Aug-2018,0.00208683575252444,0.00205008125381074,0.00108211877523351,0.00307704641868214,170.624853266562,166.684246241459,0.00186804736708161,133.832406050708,0.00195009803411537,235.803244775764
02-Sep-2018,0.00209076112856595,0.00206637879687992,0.00136621038267035,0.00279241231346039,171.327262559084,167.470800213735,0.00176527567945351,134.425341735028,0.00210996236234464,236.495351535229
09-Sep-2018,0.00202355929601296,0.00200094452097329,0.00102512263698297,0.00300867142442499,172.011449452015,168.247536516726,0.00121631396137925,134.977810036035,0.00218283333326941,237.177930883344
16-Sep-2018,0.00209384687244139,0.00206557077701775,0.00109678989516049,0.00307350485194094,172.742447569129,169.081709101694,0.00159134874874933,135.408957466556,0.00254682314500061,238.042103271536
23-Sep-2018,0.00229444349949138,0.00226452144818858,0.000913624815788286,0.00363331063475837,173.402676527972,169.87785887702,0.00189958164390426,135.914167778243,0.00332686593713292,238.92570835396
30-Sep-2018,0.007341504581521,0.00713896804964291,0.00418966427031019,0.0102119655488495,174.897513839512,171.360571955691,0.00507896232758456,137.116214842611,0.00940976544161482,240.897941627904
07-Oct-2018,0.0114726128348403,0.0113174917259503,0.00590687692788542,0.0164002302081973,178.788896928423,175.115323071194,0.0109182888252157,140.201698800692,0.0146459938590611,245.801161379641
14-Oct-2018,0.00358314533558528,0.00373452461554148,0.000763638069464112,0.00651883041113835,180.876836071201,177.126945075365,0.000354359726954489,141.824279548173,0.00661130095524223,248.919050252508
21-Oct-2018,0.00427432065376567,0.00414270191461165,0.00149187908785488,0.00696008605423271,182.184253164983,178.414356339066,0.00131590675593937,142.170442382205,0.00653130152329959,251.068810461928
28-Oct-2018,0.00401196520090477,0.00399970876546466,0.00120125410503149,0.00681558054457573,183.524989282952,179.64047586061,0.00128711200705715,142.5922277746,0.00723544084132918,253.342733560977
04-Nov-2018,0.000626144765003168,0.000924117729519684,-0.00200185361135496,0.00345634996975916,184.423545933263,180.285457276007,-0.0039436547980454,142.187825401252,0.0046556205804672,255.470902871906
11-Nov-2018,-0.000635815552714972,-0.000347322372769449,-0.00422829377523044,0.00291755227938478,184.261653336291,179.279305250336,-0.00697807872388575,140.15642163804,0.0033331941237149,256.625603677882
18-Nov-2018,0.00291228548628113,0.00232238651012912,-0.004202107814612,0.00848070751344206,184.276510284724,178.221875568023,-0.00141838250848343,138.503509475964,0.00681400882087177,257.937008447033
25-Nov-2018,0.0027487566999838,0.00115781809853515,-0.0101550671078484,0.0108290865924298,185.504342146062,179.926614240486,-2.78856005819803e-05,138.514864879158,0.00013701224252605,259.769672110287
02-Dec-2018,0.00341243662006876,0.00219573511998923,-0.00490975151856245,0.00933230971016612,186.806512038821,182.651889666263,0.00161479991841054,138.860594345433,0.00539853418459814,260.617376063649
09-Dec-2018,0.00192975488428847,0.00179065542369673,-0.00543365665484039,0.00835424286257229,187.466258788077,185.244142063586,0.0015527305179656,139.292426206426,0.00452233856774396,261.890987407047
16-Dec-2018,0.00303477604381035,0.00226866393585354,-0.00351764110366806,0.00883439033825905,188.385781112597,187.884291829041,0.00136815996470074,139.916659086291,0.00593498356981711,263.823465394399
23-Dec-2018,0.00465170855111396,0.00342125504014261,-0.00514576959172636,0.0119426122944348,189.59505878594,190.03224859586,0.00271525077564935,140.462993897132,0.00843884740053429,265.951750723683
30-Dec-2018,0.0020419038679048,0.00152524362765424,-0.00534698766398082,0.00843578876149278,190.947088231901,191.44517013489,0.000171908248757611,141.064785010143,0.00783337709241369,269.364040011707
06-Jan-2019,0.00316101199877662,0.0021717832719747,-0.00586676827239373,0.0102429497503745,191.967771072965,193.463120726052,0.00198277351738084,141.570455274695,0.00428779053542337,271.480196721505
13-Jan-2019,0.00340375512096651,0.00267457914246549,-0.00548304183018499,0.0104598044885933,192.57568151345,195.558860145743,0.00186664684159084,141.945462003564,0.00587110652352469,272.484000348951
20-Jan-2019,0.00595771382781604,0.00499021491626711,-0.00175276710588927,0.0120734267524487,194.470566317589,198.116970584736,0.0024191112880583,142.780539599666,0.00956775902680571,275.375676292076
27-Jan-2019,0.00440680591229617,0.00369136527338888,-0.00334112038104191,0.010805905316003,196.115268892908,200.874784582508,0.00302366540176723,143.65913982086,0.00631953975742636,278.263619748185
03-Feb-2019,0.00949970738777283,0.00774396123945508,-0.00203442248849549,0.0176267727812667,199.025153507606,203.053886605359,0.00728848255238781,145.735327243451,0.0139545339525591,281.878631516626
10-Feb-2019,0.0102769841618496,0.00856683481982907,-0.00109313426843326,0.0184861641041757,201.684200291814,205.407859552794,0.00684566952513265,147.657457433648,0.0156286269984203,286.504060071134
17-Feb-2019,0.00807757924126846,0.00707378625387864,-0.00335384276676373,0.0169433392080635,204.736640256319,209.47971252868,0.00852948705601944,150.2340544032,0.0123281228797923,290.816492881938
24-Feb-2019,0.0137085592869593,0.0133549708306889,0.00655669565635076,0.0200047676202827,208.989637695727,213.668210951313,0.0147181432208925,154.592144159807,0.0181809450997732,296.838356470308
03-Mar-2019,0.0082064046473718,0.00702102840735881,-0.00220349644255401,0.0159458278031006,211.908975235636,217.359963703762,0.00965216069876221,158.207916524091,0.00883067929904257,300.753263725965
10-Mar-2019,0.0152492521960066,0.0145260435337787,0.00541017437269749,0.0236663427215512,215.92898422557,223.899872581967,0.0140715487997436,162.238809076185,0.0160487067105523,304.590398422368
17-Mar-2019,0.0153452393808187,0.0149901446496075,0.00768211583650574,0.0221244093154623,221.487051461365,229.371893200174,0.0123451572052561,167.175385380071,0.0163104670638352,310.686451003666
24-Mar-2019,0.0181966960708062,0.0183172193131537,0.011615383330149,0.0245834593301614,226.632457770638,234.850635087678,0.0159741690032288,171.263943436024,0.0199117224936223,316.250607441922
31-Mar-2019,0.0189258309605221,0.0187011568292466,0.0128578354835548,0.0245116620430908,232.977677994412,241.047317595792,0.0225892852759287,177.663316019171,0.0198246079739461,323.06958560798
07-Apr-2019,0.0182152589086352,0.0180512814909209,0.011890326440134,0.0239641823043705,239.381000143175,247.40544601519,0.0135823284040443,184.088957455433,0.0218849354246176,330.109984363834
14-Apr-2019,0.0245560618633427,0.0231697264294071,0.0152678915635711,0.0313388509147201,245.811770547602,254.750078532644,0.0178851533317991,188.694348865375,0.0229803607354438,337.185256241391
21-Apr-2019,0.0338631918246825,0.0326442978766427,0.0230192422374143,0.0421181795956063,255.666537469778,265.184926800616,0.0262369677714112,195.723770448869,0.0301008223285468,346.277588695205
28-Apr-2019,0.0278487145105814,0.0271135982724463,0.0191834611409221,0.0354324088298176,266.953816734275,276.09325329516,0.024867078033479,205.718692271308,0.0275257070927358,356.618463525315
05-May-2019,0.0182127829174039,0.0179941706074521,0.0142865121904572,0.0217886659340375,274.753542388498,284.065563222158,0.0206786651885751,213.355023839564,0.0190523395234003,364.276553118522
12-May-2019,0.00774299038871311,0.00769556806217414,0.00482496264359502,0.0103388743536693,278.907018203764,288.33735956296,0.00604550097649902,217.516221895499,0.00936149029649451,368.845045471119
19-May-2019,0.0254065790872884,0.0213327078582873,0.00921129830901977,0.0341609680232137,283.838643146136,291.011766377107,0.016967646040097,220.796116256827,0.0181180586396439,372.88110019851
26-May-2019,0.032437716974839,0.0312361229292506,0.0215786573307986,0.0407235431979201,293.701093461235,298.61182285674,0.0256456173042966,227.989873929604,0.0253418125996917,380.517314427101
02-Jun-2019,0.0434896391783856,0.0409404881026571,0.0259362164758883,0.0583693162638369,306.516050404151,310.395435263926,0.0346233093122035,238.650859975732,0.0376378367318961,390.694434888549
09-Jun-2019,0.0428199465470836,0.0416322832360743,0.0300661699519083,0.0541778896383008,321.552638664841,325.136102004051,0.0335021732669766,249.598664668884,0.0364127915324614,404.172895452084
16-Jun-2019,0.0255807907583946,0.0250520094273396,0.020366819236176,0.0301251349503836,333.292415819149,334.154253349352,0.0235027425248539,260.218428182836,0.0233118161639217,414.013640062469
23-Jun-2019,0.00978999479370769,0.00975151249867069,0.00788460151664446,0.0116434866256487,339.286867094773,339.499151142609,0.00872844527979554,265.579873397411,0.0096442206861714,419.882961808969
30-Jun-2019,0.000899157669137256,0.000933260492187129,-0.000252678161216094,0.00200409565772475,340.632047446908,340.727260378554,0.00245202443938151,267.020667160962,0.000304403551240792,421.115176758938
07-Jul-2019,0.00337386466422242,0.00340240767390537,0.00214713619341098,0.00458951848473609,341.365478360423,341.483552420084,0.00359443842423645,268.088939129147,0.00304433409430605,421.634056710379
14-Jul-2019,4.55860704753483e-05,8.14980292923485e-05,-0.000797399720609589,0.000912792061764591,341.931547898498,342.148055507858,0.0011832501633374,268.808094737636,-0.000863150263963017,422.066151318949
21-Jul-2019,0.000955396204603961,0.00093303275773802,-0.000267813274771557,0.00210921429092837,341.979229067354,342.317726534051,0.00201126320640478,269.255470409358,0.000114080774318674,421.792671156132
28-Jul-2019,0.00098844436773168,0.0010580989343226,-0.000216638874191072,0.00225980472321645,342.363617208309,342.702187440954,0.00218652557584299,270.020226328246,0.000244297979616834,421.91804904546
04-Aug-2019,0.00294621512552008,0.00283177439597611,0.00101095230536959,0.00473629439154296,342.813710706461,343.072487504707,0.00332721861696112,270.823718565284,0.00212432031314099,422.091277506624
11-Aug-2019,0.00220394369306655,0.00221403283503188,0.00108639751245794,0.00328220886300506,343.896682568192,344.324687062479,0.00159946906597011,271.732384779728,0.0023939993866374,423.096077546722
18-Aug-2019,0.00178939431384981,0.00179598582134616,0.00065602713880628,0.002911669184294,344.575208402654,345.404245800616,0.00164498643574645,272.381236030341,0.001623242079225,423.731610099162
25-Aug-2019,0.00203827731547937,0.00206463553152983,0.00100257800723784,0.00310389746957905,345.220709771181,346.411538503812,0.00158565117351149,272.902068956262,0.00203364574158868,424.359997490164
01-Sep-2019,0.00347806803348354,0.00350715682837486,0.00210314880620628,0.00485500132368342,346.007908949306,347.416195557437,0.00298270671257909,273.489250070074,0.00342662843778039,425.138684233865
08-Sep-2019,0.00354741086118139,0.00350985630720487,0.00189726931942802,0.00509771402486345,347.559700250295,349.205981611977,0.00291004029022994,274.919068786018,0.00383446315096367,426.683584391291
15-Sep-2019,0.00325559823119699,0.00326196874170717,0.00141941363385131,0.00505165880681332,348.454280756854,350.228014926158,0.00120877035618322,275.386541159565,0.00446128994116077,427.815501773815
22-Sep-2019,0.00383884422508111,0.00286150975798258,-0.00019849905149468,0.00675289013262537,349.429379803486,351.364371954174,0.00145451683443599,275.667722600396,0.0046403630204235,429.245025600623
29-Sep-2019,0.0170913283288049,0.0161435104821501,0.00954553073090755,0.0234049916868008,352.974565025863,354.722779537047,0.0153377814464053,278.232330522237,0.0173188673162591,432.797633035261
06-Oct-2019,0.0147177569137309,0.0148170754739631,0.00855230544156697,0.0207898484431635,358.726216037678,359.587489184993,0.0115327179837532,283.233446950739,0.0163665298970172,438.853776817244
13-Oct-2019,0.0135577269666517,0.0134068975064019,0.00849613645315376,0.0184427710580443,363.04212375664,362.873615409931,0.0128912800706011,287.241860897026,0.0154670653926505,443.81338787319
20-Oct-2019,0.0111077131175603,0.0110836672185441,0.00634040827010593,0.0159140057121996,367.39857759863,366.462579084588,0.00931413966644985,290.889061590254,0.0141487425471264,449.120550320473
27-Oct-2019,0.00489631062647506,0.00461937286402972,-0.00133056522486904,0.0103897642897176,370.479899132474,368.521242406415,-0.00238947822942767,292.610814411438,0.0110061611766305,453.85064356215
03-Nov-2019,0.00206799686231826,0.00232594100880268,-0.00209681241872826,0.00608748934824785,371.292032902594,371.067671802146,0.0023663267369736,292.154404825106,0.0058196249965267,456.19540718101
10-Nov-2019,0.00256690036361801,0.00256679530623941,-0.00130586308864472,0.00625359748021743,372.086042285422,373.648696751194,0.00115816188227151,292.672024862405,0.00619302238122487,458.235223995891
17-Nov-2019,0.00455073320869131,0.00325396033533466,-0.00343879704548304,0.0101082051196235,373.268533730101,375.43296057243,0.0030915844883181,293.464095709747,0.00692603735071555,460.438750943444
24-Nov-2019,0.00668246022534592,0.00397044748128365,-0.00721469811946611,0.0162103656799861,375.176420035568,377.708512696157,0.00299469063941917,294.463366099561,0.00579682838342878,462.858320894125
01-Dec-2019,3.41592225062491e-05,-7.99329879501933e-05,-0.00915291579562929,0.00795505672752541,376.485729194051,380.160685417891,0.000670835777949107,295.242963206802,-0.000531738233510195,463.929176352326
08-Dec-2019,0.00503377219188753,0.00478806781349215,-0.00326001501651693,0.012458920387043,377.05731318849,382.04726039267,0.00403492457352725,295.797964735513,0.00734887060140526,464.311614352022
15-Dec-2019,0.00236605279955228,0.00203940541875949,-0.00437867538202393,0.00816830285364219,378.486855150047,384.801547548046,0.00196611241101157,296.836197739185,0.007120115233347,467.301486072191
22-Dec-2019,0.00316975401105162,0.00287042028648769,-0.00597949964938455,0.010786109493837,379.176372529857,385.321222564726,0.00231342722275898,297.436747413593,0.00564883384865688,468.725151164751
29-Dec-2019,0.00400181173431192,0.00360504861012344,-0.00274017398759748,0.010252855965693,380.443208926219,386.594298491961,0.0034066083473999,298.502294721975,0.00846170371393143,471.416758325591
05-Jan-2020,0.0056601375865655,0.00521937234513378,-0.000963709827805466,0.0117885012014524,382.151904290239,388.921939696193,0.00379611346897483,299.823402964903,0.0114463493897009,474.797526566953
12-Jan-2020,0.00677046798793063,0.00637777195454112,-0.000745003153953893,0.0134052089903123,384.208048876985,391.423634219903,0.00546413972231222,301.34574682858,0.0123283769419909,478.836255710463
19-Jan-2020,0.0026910996464334,0.00260727323276386,-0.00388343989531404,0.00891659510361623,385.876358847429,393.661917379953,0.00271420253910047,302.773047107152,0.00515154500143657,482.075771136336
26-Jan-2020,0.00536464798393469,0.00512113317976634,-0.00142996151063809,0.0120882254543617,387.088370774193,395.428882323211,0.00415801499842018,303.739045748358,0.00858190193673618,483.869943040867
02-Feb-2020,0.0147631784523808,0.0139184240246966,0.00594987376343414,0.0223211233952973,390.142831369099,399.534182519607,0.0104494276524417,305.849172461315,0.0208591006378915,488.674109224155
09-Feb-2020,0.00795904320421412,0.00764566884339741,0.00195582417104055,0.0138769844853186,394.575017039355,404.358408626952,0.00759343720491942,309.490312518625,0.0138977873416731,495.151681198814
16-Feb-2020,0.00530780402852015,0.00535210639833045,-0.000571004514126873,0.0105636259058576,396.680048194213,407.015790151318,0.00359424526062406,311.317253267933,0.0115577741077188,499.205908538156
23-Feb-2020,0.00867320417182615,0.00839477314870936,0.00315370607566578,0.0137168197627601,399.046083897369,409.11322730218,0.00533272072121953,312.731117639413,0.0138934302245956,503.550252743661
01-Mar-2020,0.00922449506930205,0.009299986585458,0.00428712062944724,0.0139774205265033,401.646252004861,411.699167986227,0.0096212693643974,314.951471415906,0.0131966876970102,507.73708331324
08-Mar-2020,0.00899741715039571,0.00912178735610074,0.0044627627999349,0.0136319183798492,404.675315245761,415.50582266233,0.0103947816088389,318.233262394338,0.0142761074472879,512.156984946372
15-Mar-2020,0.00531639023690557,0.00522137860266979,0.00145396624997785,0.00913772015331799,407.553227574229,418.91743517038,0.00550042300628615,321.377639645567,0.00941610269692585,516.769047119511
22-Mar-2020,0.00575882930788555,0.00567725834999496,0.00178987893812753,0.00965297154297419,409.331946453065,421.527017928733,0.00474875307358561,323.140955009259,0.0109851337920291,519.946567792653
29-Mar-2020,0.0058839987129905,0.00581162480958886,0.00235756740597587,0.00927618116942072,411.335498358307,424.008543001781,0.00332278440343626,324.591482348061,0.0108246408614741,523.738761151349
05-Apr-2020,0.00812427956681117,0.00808452600540351,0.00456126273568931,0.0116821398461698,413.38087877163,426.403046285215,0.00772268453152009,326.138218049567,0.0108615715128138,527.040121326023
12-Apr-2020,0.00844675613540107,0.00826651854818216,0.00476018718720812,0.0120691961669299,416.541291299388,429.684979988252,0.00956064963567766,329.30874515344,0.0125876655625067,531.460004688623
19-Apr-2020,0.00718541191922168,0.00717897976773817,0.00485174954828655,0.00960275923141552,418.955770468286,432.061642369017,0.00625215723910726,331.722999056243,0.00935892793844492,534.935471620648
26-Apr-2020,0.00768297647276527,0.00775370338612801,0.005839790144563,0.00956192528752783,421.470290862827,434.480024059454,0.00562181744880009,333.647890048586,0.00895418759009682,537.982655366038
03-May-2020,0.0116499405371253,0.0113837578610913,0.00853931153177086,0.0146271906742207,424.724101599977,437.307083463286,0.0121489172232583,336.637713776882,0.0114019743419869,541.468042409518
10-May-2020,0.00809339403438777,0.00811626197856073,0.00607818020482133,0.0101006465245675,428.194071670747,440.135571158262,0.00683307588100074,340.057784936194,0.00945482290732917,544.968396560512
17-May-2020,0.00416605601345679,0.00416346958849717,0.00133954243817097,0.00698258059057375,430.317005746208,442.19719854149,0.00120047798154201,341.350655298454,0.0062703233577687,547.763655206757
24-May-2020,0.00345294525147526,0.0035073277775207,0.002041936384361,0.00481357835143364,431.229397900125,442.793023899496,0.00165606952096103,341.557311168464,0.00378383462007216,549.139064036013
31-May-2020,0.00359038089189467,0.00358847759007707,0.00159115016381316,0.00561863016175205,432.394994174796,443.588800871636,0.00422077631433534,342.348424287037,0.00274420566735619,550.205246237123
07-Jun-2020,0.00256886115842871,0.00255228112490604,0.000414591202502309,0.00475623289630818,433.56202633633,443.823802018416,0.00231071720746317,343.59050512315,0.00278866243744807,551.401445525609
14-Jun-2020,0.00411006326855339,0.0042220192530134,0.00181723161781679,0.00653494032416159,434.666964559684,444.61457822074,0.00194303291073138,344.546027853244,0.00485820843757658,552.471623006028
21-Jun-2020,0.00439364233467304,0.00439560245336342,0.00242069011121093,0.00632202465113267,436.277873378851,445.919391910873,0.00188295831712239,345.283424920707,0.0040797799516037,554.236465106455
28-Jun-2020,0.00331559015886441,0.00346208182596364,0.000831146869957081,0.00603234351636805,437.505728223271,445.543389839394,0.00575345551778086,346.821656001605,0.00328416792413746,555.390794143775
05-Jul-2020,0.00254400071542448,0.00252953243157805,0.000739245385846579,0.00431134516570865,438.430842915655,445.797025887503,0.00326056997761334,347.964314855004,0.0019519066368982,556.178651211457
12-Jul-2020,0.0024137504523329,0.00242467542253755,0.000108394256753361,0.00463820829142727,439.246743857645,446.054746805688,0.00297285056989575,349.032530692076,0.0013253147072498,556.731326159264
19-Jul-2020,0.00299050769897646,0.0030993181115608,0.00028102061892179,0.00564424805441533,440.172183512937,446.276480472048,0.00374049092775947,350.103646846433,0.00266210309973566,557.358154895114
26-Jul-2020,0.00379344919346635,0.00381775068016597,0.00109194604854957,0.00644152877214757,441.312823674043,446.90563458997,0.00396616761627159,351.442573925531,0.00385379898915637,558.519197729165
02-Aug-2020,0.00205306272394905,0.002088588218102,-0.000399600601984158,0.00436313501861746,442.34528045442,448.068321409424,0.00245845120997252,352.569721800083,0.000988228492849725,559.355710929361
09-Aug-2020,0.00162516613877485,0.00168021054942714,-0.000243183731947518,0.00349840543306105,442.901708620343,448.90186342421,0.00185644962285635,353.19225378282,0.00115529747345294,559.653965152837
16-Aug-2020,0.00256481661930841,0.00259118014729805,0.000611430897251017,0.00445181506421574,443.581283689351,450.035479664605,0.00278198877238974,354.018104494315,0.00196324118240787,560.235523465726
23-Aug-2020,0.00326600413313051,0.00337460900955167,0.00111949198185931,0.00542628920297408,444.614846534536,451.25804492479,0.00373131542229631,355.165699008162,0.00302474874821665,561.055581510994
30-Aug-2020,0.00218616529748559,0.00225174112312607,0.000573170544550438,0.00372904494748666,445.487657654092,452.187078931593,0.00184053634750946,355.967267222225,0.00205412254136605,561.807884086688
06-Sep-2020,0.00232201967284665,0.00246676463308625,0.000116038519118168,0.00463941265919341,446.339911233594,453.387268156344,0.00184811068988341,356.722038767166,0.0030742933300281,562.844358545804
13-Sep-2020,0.00281720808187453,0.00284490551647826,0.0012257589322697,0.00443954630347228,447.083198399399,454.311419057445,0.00195409674583129,357.270095460306,0.00315743440790647,563.732882992761
20-Sep-2020,0.00286263758260675,0.00289389814148384,0.00141542686159485,0.004380224317221,448.020491603029,455.391440508646,0.00136842942205974,357.7829490262,0.00367901293382881,564.885461589318
27-Sep-2020,0.00161492976015901,0.00157661077028638,7.08549939120933e-05,0.00311268341110526,448.847709780456,456.550250761322,0.00210271001353745,358.394306712145,0.00229713171900137,565.996913660566
04-Oct-2020,0.00172749572419464,0.00165137991288441,0.000204138107929648,0.00317126818304241,449.371502932736,457.305392335097,0.00191977324500345,359.143127676058,0.0024590927374352,566.692797636403
11-Oct-2020,0.00182473999828012,0.00184904523199181,5.31441102562672e-05,0.00363308553339915,450.019345612098,458.045005197743,0.00246453589280134,359.825161623938,0.00345095113137227,567.752183337516
18-Oct-2020,0.00150767369454057,0.00151752160987877,-0.000553637534802687,0.00348568625883801,450.605403546466,458.791334016874,0.00052442609979706,360.403426742938,0.00386792067427641,568.974481658959
25-Oct-2020,-0.000323139074533522,-0.000112413481325711,-0.0033628403018119,0.00278286673425267,450.78169954384,459.270452607011,-0.00408282145048578,359.98196139719,0.00320850588004603,570.273265692718
01-Nov-2020,0.00468914741521581,0.00355990485717884,-0.000173270509560086,0.00782351347634097,450.881038081512,460.029955874433,-0.00207565702049257,358.197780863969,0.00718996668553657,571.324273222692
08-Nov-2020,0.00261449678947488,0.00167838715527408,-0.00338206730432335,0.00687210401583829,452.898475916728,461.775759181099,-0.00367564222263788,357.720853053737,0.00842283087665699,574.705786468868
15-Nov-2020,0.00195249071429818,0.00173150657280034,-0.00189892011884538,0.00524443039690656,453.589189745705,462.716462684169,-0.00385768935600253,356.769549500339,0.00574342441182171,577.012295477717
22-Nov-2020,-0.000494125946129,-0.000241963978813989,-0.00518072315354639,0.00391021072495598,453.848312110439,463.141281689782,-0.00608737206319262,354.959646830807,0.00423861462496584,578.746144263699
29-Nov-2020,-0.00250472059571324,-0.00142422527456879,-0.00729249168480702,0.00255630612365072,453.317001752985,460.430596441944,-0.0108750273270435,352.367878202171,0.00219567291819419,579.742955068128
06-Dec-2020,-0.000937042362685595,-0.000882535244142288,-0.00773895438521331,0.0042898050591401,452.493094695189,455.738157464257,-0.00849830483827009,348.347423255752,0.00432524567703304,580.603845462467
13-Dec-2020,0.00101384745814254,0.000657696808431555,-0.00598646298618898,0.00644819556462735,452.703629816071,453.699217129003,-0.000895049113003919,347.152542142318,0.00454193859639682,582.364276839109
20-Dec-2020,0.000173676085428447,0.00015179530070898,-0.0054117538054882,0.00510742390141721,452.961021382389,452.952786974382,-0.00394030109444115,346.600341936445,0.00485784586289302,583.812320899076
27-Dec-2020,0.00129008884188835,0.000772905871862279,-0.00531083840444981,0.00645529494287911,453.18688120415,450.448165840781,-0.00177425171023734,345.351915386255,0.00583618437270584,585.788042526639
03-Jan-2021,0.00117561536870557,0.00100841767543491,-0.00469496069509036,0.00646266571619687,453.603614396697,449.424565649019,-0.000768929721028103,344.990746828446,0.00464153397041744,587.418632994754
10-Jan-2021,-0.000366708968298249,-4.85550145518904e-05,-0.00486418901299319,0.00443306722450321,453.695425146035,447.603771132164,-0.0016115030694454,344.696138288156,0.00326323352626744,588.684648090065
17-Jan-2021,0.00164932402624703,0.000260742514560209,-0.00753445314721061,0.00745717448264127,453.794131187889,444.92917416067,-0.00380450223106547,343.681872140777,0.00442358040477909,590.250053011313
24-Jan-2021,0.00517503303229477,0.00356524288854381,-0.00593084323297281,0.0125222276480367,454.947116171749,445.625680097013,0.00238031605639783,343.349131643953,0.00728852618636383,591.438704574599
31-Jan-2021,0.003947040122106,0.0035847371945076,-0.0011308976197398,0.00850734247871876,456.367789597304,446.461402073923,0.00211906580628165,343.97219258472,0.00954148978913805,594.498662143426
07-Feb-2021,0.0063241478375499,0.00467907725075114,-0.00053127550785851,0.0104997224624277,458.082434942471,447.16342716222,0.00322560849371269,344.80429916158,0.0105753793418505,598.249677257645
14-Feb-2021,0.00688063476353764,0.00612401065948552,-1.13357137159533e-05,0.0122324756233462,460.734430028528,449.244556039296,0.00269263388897021,346.187698334236,0.0133235668087594,602.431593806018
21-Feb-2021,0.00137527661062126,0.00137383444784305,-0.00255414279809931,0.00513776193584642,461.856464431773,450.130096172046,-0.00425203536807904,345.904052413984,0.00750441091459831,605.474161297376
28-Feb-2021,0.000906778681072702,0.00107098894764267,-0.0024255226518824,0.00418432442454148,462.142785167188,449.398769437798,-0.00312157960873889,344.10289266233,0.00545543158233928,607.715274522746
07-Mar-2021,0.0032835031662926,0.00300865708798179,-0.00136881040297014,0.00723874052936741,462.879652944062,450.164756106915,8.20954257069135e-05,343.922103446878,0.00815861110024055,610.035675578664
14-Mar-2021,0.00447333042243414,0.00415098837101242,0.000844052305976321,0.00772730252727877,464.272716750518,450.757825608211,0.00243650535624186,344.570440061177,0.00828044573991285,612.947318672969
21-Mar-2021,0.00558084029128589,0.00525282545365192,-0.000436160356189031,0.0109395779463566,465.889151829338,451.946641263437,0.0026713477035036,345.216814978832,0.0103346712880153,616.070081996077
28-Mar-2021,0.00654306042911431,0.00660855465505293,0.00300633862075727,0.00998703843045277,467.952012561912,455.855097557185,0.00455652553620725,346.371275672373,0.00929435763250285,619.421111044924
04-Apr-2021,0.00749843919803735,0.00741700309483708,0.00440123740148109,0.010580842172164,470.528506633591,459.975002712014,0.00333180425216441,347.970332009391,0.00951757525290924,622.651876686641
11-Apr-2021,0.00548597689933044,0.0048994325425793,7.48989208302476e-05,0.00970135853141687,472.291909328844,462.947525083435,0.0050325221050885,348.785550944668,0.00852268530591974,625.21680147746
18-Apr-2021,0.00844631589445076,0.00827082303201755,0.00440456695186827,0.0120450152658283,475.010953252555,465.175941499939,0.00268761437666687,350.789249363513,0.0100681224309394,628.777716315308
25-Apr-2021,0.0161989504261935,0.0152558804663263,0.00976474896262282,0.0207960410647926,478.678848277127,467.256563480893,0.0155690697490526,353.677698341535,0.0159262716974777,632.651496881149
02-May-2021,0.00603633873797972,0.00593864111104137,0.00332221148556689,0.0086594613937368,482.990083848654,471.236665452746,0.00320834729289786,356.96330610873,0.00709860069766014,637.189812256005
09-May-2021,0.00290857118301567,0.00291893227461354,0.00105024332945453,0.00472525087107965,484.074216846811,472.075961104899,0.000424678612339129,357.142349417475,0.00356877607979768,638.537226493386
16-May-2021,0.0035869064051176,0.0036385967953076,0.00109450767720889,0.00620580762395895,485.418302534927,473.055572021244,0.0038633396386097,358.091310890609,0.00493463840917102,640.167922868885
23-May-2021,0.00395252938360015,0.00395473467130584,0.00182986701112216,0.00600283413020618,486.581758027763,473.954074803076,0.00235406565258245,359.009670851337,0.00493354787012668,641.866103978479
30-May-2021,0.0054346233861062,0.00540807821551224,0.00299055600199765,0.0076292159765128,488.176838948164,475.268968422747,0.00353284021290239,360.232326880307,0.00450333881248968,643.37328510638
06-Jun-2021,0.00381479105936293,0.00377226330959384,0.000967963476675881,0.00648488129003222,489.754760848839,475.973762570593,0.00305939674072249,361.213623733876,0.00238274597303389,644.459169303028
13-Jun-2021,0.0050181246664075,0.00493478168179069,0.00223008835848422,0.0075842259205231,491.306263372778,477.218556677282,0.00491752061997153,362.798350940995,0.00331608750552591,645.580849508718
20-Jun-2021,0.00418844333004206,0.00411600623384758,0.00112055004694266,0.00704817316621027,492.779476153615,478.827313614239,0.00302336800804676,363.940343325515,0.00287860515661823,646.45451357591
27-Jun-2021,0.00419027216093652,0.00422715307479304,0.00114596691839922,0.00713595822653667,494.21350042911,480.199698864987,0.00212602313853144,364.807759707669,0.00417215832489109,647.765569839087
04-Jul-2021,0.00569251572118803,0.00552369417098428,0.00168430862713565,0.00905276459014264,495.811222701507,482.273051016056,0.00382286922564682,365.726484860089,0.00456767593797877,649.191554132549
11-Jul-2021,0.00608893295471083,0.00594615712545442,0.00208266190722931,0.00953911627000658,497.763820926429,485.249234712619,0.00349544475437405,366.856628324312,0.00449611125870359,650.543040808172
18-Jul-2021,0.00686514092086156,0.00672272603629076,0.00295194323414202,0.0103719050058104,500.079401611418,489.043176053293,0.00960819671123508,369.208869029831,0.00628032297310898,652.578782270886
25-Jul-2021,0.00665762835374514,0.00657201088165901,0.00230933167456408,0.0106637334998227,502.165294963347,493.101649182528,0.0136436585561016,372.53460870625,0.00577574722652417,654.440279445176
01-Aug-2021,0.00422702915939463,0.00416277224438165,0.00166135491511161,0.00670967228671401,504.131701684042,497.070675858599,0.00545421859484431,376.623734054976,0.00374370378697312,656.190443453123
08-Aug-2021,0.00368906939756059,0.00370529684109933,0.00159193752565049,0.00568798606205742,505.414676694221,498.958245657522,0.00344400402101422,377.821374680829,0.00324618487531523,657.254775621686
15-Aug-2021,0.00713506969088993,0.00707859612395803,0.00383779054043819,0.0101459351811825,507.084008916823,500.987707096305,0.00775203049091671,379.491127263528,0.00565552839801091,658.582178868417
22-Aug-2021,0.00581813997568179,0.00578408509806318,0.0035313001777149,0.00798901598455752,509.483628959774,504.344203972761,0.00655317968870072,382.296138454574,0.00512285349567534,660.661506567289
29-Aug-2021,0.00505533709727281,0.00512026294611087,0.0029914600062688,0.00703565090988724,511.260458220392,507.408014904212,0.0054427275848238,384.10661163198,0.00450003142044415,662.225648915383
05-Sep-2021,0.00542518996659481,0.00537844039117163,0.00305002328995834,0.00771356178430204,512.956815695989,509.49447249891,0.0060977958931019,385.972740509668,0.00487180640307898,663.747584008412
12-Sep-2021,0.006403167977625,0.00651410540062058,0.00418756764099426,0.00854279365423379,514.726017026897,512.10493272852,0.00541784983635879,387.962308332347,0.00610078207202439,665.427487505904
19-Sep-2021,0.00739703295826981,0.00749632590822826,0.00433339871200396,0.0105602107316264,516.348910751951,513.937098898954,0.00331548441725395,389.047674888461,0.0070883143917215,666.915167960686
